# 10
   13.000000    10.000000    10.000000
   15.000000    67.000000    55.000000    40.000000
   18.000000    66.000000   103.000000    64.000000    16.000000
   54.000000    72.000000    85.000000    10.000000    10.000000
   27.000000    15.000000    67.000000    55.000000    40.000000
   18.000000    66.000000   103.000000    64.000000    16.000000
   54.000000    72.000000    85.000000    10.000000    10.000000
   27.000000    15.000000    67.000000    55.000000    40.000000
   18.000000    66.000000    79.000000    64.000000
   54.000000    72.000000    73.000000
